639
736
579
59
914
142
690
254
582
522
694
683
830
591
104
13
138
920
240
888
609
969
476
773
629
248
748
100
936
846
713
576
934
644
987
848
138
678
103
720
552
797
755
382
740
860
747
878
780
340
118
741
309
946
514
290
194
614
391
483
460
456
59
394
452
46
594
590
76
49
311
628
198
418
362
938
630
110
168
762
450
287
503
111
585
17
401
780
631
144
615
91
952
674
837
404
72
784
995
149
833
658
777
32
76
140
322
707
602
491
469
404
130
973
515
715
342
268
847
974
413
462
417
365
488
607
770
561
391
117
710
224
775
839
608
203
331
931
910
285
774
732
689
904
57
204
971
399
473
171
373
238
985
143
603
474
750
725
387
493
842
449
69
969
640
678
173
972
961
435
257
735
167
947
991
224
503
314
976
976
837
701
566
823
844
170
649
946
247
388
791
442
837
861
411
477
891
936
801
204
724
411
939
243
710
282
820
213
948
796
542
786
497
108
961
694
630
962
992
878
350
136
672
539
997
435
368
240
372
522
444
448
933
735
691
643
369
511
208
317
659
102
455
157
563
768
203
193
730
547
423
432
683
95
971
32
531
692
272
255
214
68
703
147
803
746
142
172
258
702
842
269
805
649
426
368
418
981
913
148
529
337
933
564
784
904
597
315
596
869
922
162
938
977
309
93
724
803
266
334
506
460
603
311
109
382
31
527
715
944
28
244
633
961
809
418
217
758
85
166
627
360
328
917
337
990
11
413
793
629
747
651
89
703
962
550
437
345
430
152
290
458
749
275
771
910
693
340
668
131
506
295
491
187
213
828
529
576
594
322
205
341
326
646
396
288
196
833
986
978
986
628
788
735
903
559
645
949
252
313
80
110
960
571
297
525
751
826
101
345
501
658
39
827
304
435
467
853
621
805
831
607
433
620
694
337
531
339
286
783
4
718
894
316
289
543
842
392
722
295
738
575
306
777
754
610
564
573
815
185
379
999
144
812
971
838
501
854
529
139
990
885
857
884
202
498
779
396
891
501
43
629
428
349
758
182
312
674
756
479
212
135
478
356
299
801
547
153
656
428
292
646
666
502
882
220
0
13
616
891
867
11
872
295
361
982
478
25
657
234
504
221
721
335
929
372
136
476
525
144
